drone1:400,600,deliver_with_camera,50000,350,650,400,10,10000
drone2:400,580,deliver_with_camera,50000,350,640,400,10,10000
drone3:400,560,deliver_with_camera,50000,350,630,400,10,10000
drone4:400,540,deliver_with_camera,50000,350,620,400,10,10000
drone5:400,520,deliver_with_camera,50000,350,610,400,10,10000
drone6:400,500,deliver_with_camera,50000,350,600,400,10,10000
drone7:380,500,deliver_with_camera,50000,340,600,400,10,10000
drone8:360,500,deliver_with_camera,50000,330,600,400,10,10000
drone9:340,500,deliver_with_camera,50000,320,600,400,10,10000
drone10:320,500,deliver_with_camera,50000,310,600,400,10,10000
drone11:301,500,deliver_with_camera,50000,300,600,400,10,10000
drone12:300,520,deliver_with_camera,50000,300,610,400,10,10000
drone13:300,540,deliver_with_camera,50000,300,620,400,10,10000
drone14:300,560,deliver_with_camera,50000,300,630,400,10,10000
drone15:300,580,deliver_with_camera,50000,300,640,400,10,10000
drone16:300,600,deliver_with_camera,50000,300,650,400,10,10000
drone17:320,600,deliver_with_camera,50000,310,650,400,10,10000
drone18:340,600,deliver_with_camera,50000,320,650,400,10,10000
drone19:360,600,deliver_with_camera,50000,330,650,400,10,10000
drone20:380,600,deliver_with_camera,50000,340,650,400,10,10000
