drone1:150,200,search,50000,150,200,150,10,0
drone2:150,400,deliver_with_camera,50000,150,400,150,10,10000
drone3:150,600,deliver_with_camera,50000,150,600,150,10,10000
drone4:150,800,deliver_with_camera,50000,150,800,150,10,10000
drone5:250,300,deliver_no_camera,50000,250,300,150,10,10000
drone11:350,800,deliver_no_camera,50000,350,800,150,10,10000
drone12:350,1000,deliver_no_camera,50000,350,1000,150,10,10000
drone13:450,300,deliver_no_camera,50000,450,300,150,10,10000
drone14:450,500,deliver_no_camera,50000,450,500,150,10,10000
drone15:450,700,deliver_with_camera,50000,450,700,150,10,10000
drone6:250,500,deliver_no_camera,50000,250,500,150,10,10000
drone7:250,700,deliver_no_camera,50000,250,700,150,10,10000
drone8:250,900,deliver_no_camera,50000,250,900,150,10,10000
drone9:350,400,deliver_no_camera,50000,350,400,150,10,10000
drone10:350,600,search,50000,350,600,150,10,0
drone16:450,900,deliver_with_camera,50000,450,900,150,10,10000
drone17:550,400,deliver_with_camera,50000,550,400,150,10,10000
drone18:550,600,deliver_with_camera,50000,550,600,150,10,10000
drone19:550,800,deliver_with_camera,50000,550,800,150,10,10000
drone20:550,1000,deliver_with_camera,50000,550,1000,150,10,10000
